1001000100 000000000110 00010 00001	96	ADDI	R1, R2, #6
1001000100 000000000100 00010 00010	100	ADDI	R2, R2, #4
1001000100 000000000100 00010 00011	104	ADDI	R3, R2, #4
1001000100 000000000011 00001 00100	108	ADDI	R4, R1, #3
1001000100 111111110001 00000 00000	112	ADDI	R0, R0, #-15
00000000000000000000000000000000	116	NOP
00000000000000000000000000000000	120	NOP
00000000000000000000000000000000	124	NOP
00000000000000000000000000000000	128	NOP
00000000000000000000000000000000	132	NOP
00000000000000000000000000000000	136	NOP
00000000000000000000000000000000	140	NOP
00000000000000000000000000000000	144	NOP
00000000000000000000000000000000	148	NOP
00000000000000000000000000000000	152	NOP
00000000000000000000000000000000	156	NOP
00000000000000000000000000000000	160	NOP
000101 00000000000000000000000010	164	B	#2
000101 11111111111111111111110011	168	B	#-13
00000000000000000000000000000000	172	NOP
00000000000000000000000000000000	176	NOP
00000000000000000000000000000000	180	NOP
110100101 10 1111111111111111 00010	184	MOVZ	R2, 65535, LSL 32
111100101 01 0101010101010101 00010	188	MOVK	R2, 21845, LSL 16
111100101 11 0100110011001100 00010	192	MOVK	R2, 19660, LSL 48
11010011010 00011 000010 00000 01101	196	LSR	R13, R0, #2
00000000000000000000000000000000	200	NOP
00000000000000000000000000000000	204	NOP
00000000000000000000000000000000	208	NOP
000101 00000000000000000000000010	212	B	#2
000101 00000000000000000000000101	216	B	#5
00000000000000000000000000000000	220	NOP
00000000000000000000000000000000	224	NOP
00000000000000000000000000000000	228	NOP
000101 11111111111111111111111100	232	B	#-4
00000000000000000000000000000000	236	NOP
1 11111 10110 11110 11111 11111 100111	240	BREAK
00000000000000000000000000000001	244	1
00000000000000000000000000000010	248	2
00000000000000000000000000000001	252	1
00000000000000000000000000000010	256	2
00000000000000000000000000000001	260	1
00000000000000000000000000000110	264	6
00000000000000000000000000000111	268	7
00000000000000000000000000000010	272	2
00000000000000000000000000000110	276	6
10000000000000000000000000000110	280	-2147483642
11111111111111111111111111110111	284	-9
00000000000000000000000000000000	288	0
00000000000000000000000000010000	292	16
11111111111111111001000000000000	296	-28672
00000000000000000000000000000000	300	0
11111111111111111111111111111111	304	-1
00000000000000000000000000000000	308	0
11111111111111111111111111111111	312	-1
