====================
Cycle:1	96	ADDI	R1, R2, #6

registers:
r00:	0	6	0	0	0	0	0	0
r08:	0	0	0	0	0	0	0	0
r16:	0	0	0	0	0	0	0	0
r24:	0	0	0	0	0	0	0	0

data:
244:	1	2	1	2	1	6	7	2
276:	6	-2147483642	-9	0	16	-28672	0	-1
308:	0	-1
====================
Cycle:2	100	ADDI	R2, R2, #4

registers:
r00:	0	6	4	0	0	0	0	0
r08:	0	0	0	0	0	0	0	0
r16:	0	0	0	0	0	0	0	0
r24:	0	0	0	0	0	0	0	0

data:
244:	1	2	1	2	1	6	7	2
276:	6	-2147483642	-9	0	16	-28672	0	-1
308:	0	-1
====================
Cycle:3	104	ADDI	R3, R2, #4

registers:
r00:	0	6	4	8	0	0	0	0
r08:	0	0	0	0	0	0	0	0
r16:	0	0	0	0	0	0	0	0
r24:	0	0	0	0	0	0	0	0

data:
244:	1	2	1	2	1	6	7	2
276:	6	-2147483642	-9	0	16	-28672	0	-1
308:	0	-1
====================
Cycle:4	108	ADDI	R4, R1, #3

registers:
r00:	0	6	4	8	9	0	0	0
r08:	0	0	0	0	0	0	0	0
r16:	0	0	0	0	0	0	0	0
r24:	0	0	0	0	0	0	0	0

data:
244:	1	2	1	2	1	6	7	2
276:	6	-2147483642	-9	0	16	-28672	0	-1
308:	0	-1
====================
Cycle:5	112	ADDI	R0, R0, #-15

registers:
r00:	-15	6	4	8	9	0	0	0
r08:	0	0	0	0	0	0	0	0
r16:	0	0	0	0	0	0	0	0
r24:	0	0	0	0	0	0	0	0

data:
244:	1	2	1	2	1	6	7	2
276:	6	-2147483642	-9	0	16	-28672	0	-1
308:	0	-1
====================
Cycle:6	116	NOP

registers:
r00:	-15	6	4	8	9	0	0	0
r08:	0	0	0	0	0	0	0	0
r16:	0	0	0	0	0	0	0	0
r24:	0	0	0	0	0	0	0	0

data:
244:	1	2	1	2	1	6	7	2
276:	6	-2147483642	-9	0	16	-28672	0	-1
308:	0	-1
====================
Cycle:7	120	NOP

registers:
r00:	-15	6	4	8	9	0	0	0
r08:	0	0	0	0	0	0	0	0
r16:	0	0	0	0	0	0	0	0
r24:	0	0	0	0	0	0	0	0

data:
244:	1	2	1	2	1	6	7	2
276:	6	-2147483642	-9	0	16	-28672	0	-1
308:	0	-1
====================
Cycle:8	124	NOP

registers:
r00:	-15	6	4	8	9	0	0	0
r08:	0	0	0	0	0	0	0	0
r16:	0	0	0	0	0	0	0	0
r24:	0	0	0	0	0	0	0	0

data:
244:	1	2	1	2	1	6	7	2
276:	6	-2147483642	-9	0	16	-28672	0	-1
308:	0	-1
====================
Cycle:9	128	NOP

registers:
r00:	-15	6	4	8	9	0	0	0
r08:	0	0	0	0	0	0	0	0
r16:	0	0	0	0	0	0	0	0
r24:	0	0	0	0	0	0	0	0

data:
244:	1	2	1	2	1	6	7	2
276:	6	-2147483642	-9	0	16	-28672	0	-1
308:	0	-1
====================
Cycle:10	132	NOP

registers:
r00:	-15	6	4	8	9	0	0	0
r08:	0	0	0	0	0	0	0	0
r16:	0	0	0	0	0	0	0	0
r24:	0	0	0	0	0	0	0	0

data:
244:	1	2	1	2	1	6	7	2
276:	6	-2147483642	-9	0	16	-28672	0	-1
308:	0	-1
====================
Cycle:11	136	NOP

registers:
r00:	-15	6	4	8	9	0	0	0
r08:	0	0	0	0	0	0	0	0
r16:	0	0	0	0	0	0	0	0
r24:	0	0	0	0	0	0	0	0

data:
244:	1	2	1	2	1	6	7	2
276:	6	-2147483642	-9	0	16	-28672	0	-1
308:	0	-1
====================
Cycle:12	140	NOP

registers:
r00:	-15	6	4	8	9	0	0	0
r08:	0	0	0	0	0	0	0	0
r16:	0	0	0	0	0	0	0	0
r24:	0	0	0	0	0	0	0	0

data:
244:	1	2	1	2	1	6	7	2
276:	6	-2147483642	-9	0	16	-28672	0	-1
308:	0	-1
====================
Cycle:13	144	NOP

registers:
r00:	-15	6	4	8	9	0	0	0
r08:	0	0	0	0	0	0	0	0
r16:	0	0	0	0	0	0	0	0
r24:	0	0	0	0	0	0	0	0

data:
244:	1	2	1	2	1	6	7	2
276:	6	-2147483642	-9	0	16	-28672	0	-1
308:	0	-1
====================
Cycle:14	148	NOP

registers:
r00:	-15	6	4	8	9	0	0	0
r08:	0	0	0	0	0	0	0	0
r16:	0	0	0	0	0	0	0	0
r24:	0	0	0	0	0	0	0	0

data:
244:	1	2	1	2	1	6	7	2
276:	6	-2147483642	-9	0	16	-28672	0	-1
308:	0	-1
====================
Cycle:15	152	NOP

registers:
r00:	-15	6	4	8	9	0	0	0
r08:	0	0	0	0	0	0	0	0
r16:	0	0	0	0	0	0	0	0
r24:	0	0	0	0	0	0	0	0

data:
244:	1	2	1	2	1	6	7	2
276:	6	-2147483642	-9	0	16	-28672	0	-1
308:	0	-1
====================
Cycle:16	156	NOP

registers:
r00:	-15	6	4	8	9	0	0	0
r08:	0	0	0	0	0	0	0	0
r16:	0	0	0	0	0	0	0	0
r24:	0	0	0	0	0	0	0	0

data:
244:	1	2	1	2	1	6	7	2
276:	6	-2147483642	-9	0	16	-28672	0	-1
308:	0	-1
====================
Cycle:17	160	NOP

registers:
r00:	-15	6	4	8	9	0	0	0
r08:	0	0	0	0	0	0	0	0
r16:	0	0	0	0	0	0	0	0
r24:	0	0	0	0	0	0	0	0

data:
244:	1	2	1	2	1	6	7	2
276:	6	-2147483642	-9	0	16	-28672	0	-1
308:	0	-1
====================
Cycle:18	164	B	#2

registers:
r00:	-15	6	4	8	9	0	0	0
r08:	0	0	0	0	0	0	0	0
r16:	0	0	0	0	0	0	0	0
r24:	0	0	0	0	0	0	0	0

data:
244:	1	2	1	2	1	6	7	2
276:	6	-2147483642	-9	0	16	-28672	0	-1
308:	0	-1
====================
Cycle:19	172	NOP

registers:
r00:	-15	6	4	8	9	0	0	0
r08:	0	0	0	0	0	0	0	0
r16:	0	0	0	0	0	0	0	0
r24:	0	0	0	0	0	0	0	0

data:
244:	1	2	1	2	1	6	7	2
276:	6	-2147483642	-9	0	16	-28672	0	-1
308:	0	-1
====================
Cycle:20	176	NOP

registers:
r00:	-15	6	4	8	9	0	0	0
r08:	0	0	0	0	0	0	0	0
r16:	0	0	0	0	0	0	0	0
r24:	0	0	0	0	0	0	0	0

data:
244:	1	2	1	2	1	6	7	2
276:	6	-2147483642	-9	0	16	-28672	0	-1
308:	0	-1
====================
Cycle:21	180	NOP

registers:
r00:	-15	6	4	8	9	0	0	0
r08:	0	0	0	0	0	0	0	0
r16:	0	0	0	0	0	0	0	0
r24:	0	0	0	0	0	0	0	0

data:
244:	1	2	1	2	1	6	7	2
276:	6	-2147483642	-9	0	16	-28672	0	-1
308:	0	-1
====================
Cycle:22	184	MOVZ	R2, 65535, LSL 32

registers:
r00:	-15	6	281470681743360	8	9	0	0	0
r08:	0	0	0	0	0	0	0	0
r16:	0	0	0	0	0	0	0	0
r24:	0	0	0	0	0	0	0	0

data:
244:	1	2	1	2	1	6	7	2
276:	6	-2147483642	-9	0	16	-28672	0	-1
308:	0	-1
====================
Cycle:23	188	MOVK	R2, 21845, LSL 16

registers:
r00:	-15	6	281472113377280	8	9	0	0	0
r08:	0	0	0	0	0	0	0	0
r16:	0	0	0	0	0	0	0	0
r24:	0	0	0	0	0	0	0	0

data:
244:	1	2	1	2	1	6	7	2
276:	6	-2147483642	-9	0	16	-28672	0	-1
308:	0	-1
====================
Cycle:24	192	MOVK	R2, 19660, LSL 48

registers:
r00:	-15	6	5534079514244874240	8	9	0	0	0
r08:	0	0	0	0	0	0	0	0
r16:	0	0	0	0	0	0	0	0
r24:	0	0	0	0	0	0	0	0

data:
244:	1	2	1	2	1	6	7	2
276:	6	-2147483642	-9	0	16	-28672	0	-1
308:	0	-1
====================
Cycle:25	196	LSR	R13, R0, #2

registers:
r00:	-15	6	5534079514244874240	8	9	0	0	0
r08:	0	0	0	0	0	4611686018427387900	0	0
r16:	0	0	0	0	0	0	0	0
r24:	0	0	0	0	0	0	0	0

data:
244:	1	2	1	2	1	6	7	2
276:	6	-2147483642	-9	0	16	-28672	0	-1
308:	0	-1
====================
Cycle:26	200	NOP

registers:
r00:	-15	6	5534079514244874240	8	9	0	0	0
r08:	0	0	0	0	0	4611686018427387900	0	0
r16:	0	0	0	0	0	0	0	0
r24:	0	0	0	0	0	0	0	0

data:
244:	1	2	1	2	1	6	7	2
276:	6	-2147483642	-9	0	16	-28672	0	-1
308:	0	-1
====================
Cycle:27	204	NOP

registers:
r00:	-15	6	5534079514244874240	8	9	0	0	0
r08:	0	0	0	0	0	4611686018427387900	0	0
r16:	0	0	0	0	0	0	0	0
r24:	0	0	0	0	0	0	0	0

data:
244:	1	2	1	2	1	6	7	2
276:	6	-2147483642	-9	0	16	-28672	0	-1
308:	0	-1
====================
Cycle:28	208	NOP

registers:
r00:	-15	6	5534079514244874240	8	9	0	0	0
r08:	0	0	0	0	0	4611686018427387900	0	0
r16:	0	0	0	0	0	0	0	0
r24:	0	0	0	0	0	0	0	0

data:
244:	1	2	1	2	1	6	7	2
276:	6	-2147483642	-9	0	16	-28672	0	-1
308:	0	-1
====================
Cycle:29	212	B	#2

registers:
r00:	-15	6	5534079514244874240	8	9	0	0	0
r08:	0	0	0	0	0	4611686018427387900	0	0
r16:	0	0	0	0	0	0	0	0
r24:	0	0	0	0	0	0	0	0

data:
244:	1	2	1	2	1	6	7	2
276:	6	-2147483642	-9	0	16	-28672	0	-1
308:	0	-1
====================
Cycle:30	220	NOP

registers:
r00:	-15	6	5534079514244874240	8	9	0	0	0
r08:	0	0	0	0	0	4611686018427387900	0	0
r16:	0	0	0	0	0	0	0	0
r24:	0	0	0	0	0	0	0	0

data:
244:	1	2	1	2	1	6	7	2
276:	6	-2147483642	-9	0	16	-28672	0	-1
308:	0	-1
====================
Cycle:31	224	NOP

registers:
r00:	-15	6	5534079514244874240	8	9	0	0	0
r08:	0	0	0	0	0	4611686018427387900	0	0
r16:	0	0	0	0	0	0	0	0
r24:	0	0	0	0	0	0	0	0

data:
244:	1	2	1	2	1	6	7	2
276:	6	-2147483642	-9	0	16	-28672	0	-1
308:	0	-1
====================
Cycle:32	228	NOP

registers:
r00:	-15	6	5534079514244874240	8	9	0	0	0
r08:	0	0	0	0	0	4611686018427387900	0	0
r16:	0	0	0	0	0	0	0	0
r24:	0	0	0	0	0	0	0	0

data:
244:	1	2	1	2	1	6	7	2
276:	6	-2147483642	-9	0	16	-28672	0	-1
308:	0	-1
====================
Cycle:33	232	B	#-4

registers:
r00:	-15	6	5534079514244874240	8	9	0	0	0
r08:	0	0	0	0	0	4611686018427387900	0	0
r16:	0	0	0	0	0	0	0	0
r24:	0	0	0	0	0	0	0	0

data:
244:	1	2	1	2	1	6	7	2
276:	6	-2147483642	-9	0	16	-28672	0	-1
308:	0	-1
====================
Cycle:34	216	B	#5

registers:
r00:	-15	6	5534079514244874240	8	9	0	0	0
r08:	0	0	0	0	0	4611686018427387900	0	0
r16:	0	0	0	0	0	0	0	0
r24:	0	0	0	0	0	0	0	0

data:
244:	1	2	1	2	1	6	7	2
276:	6	-2147483642	-9	0	16	-28672	0	-1
308:	0	-1
====================
Cycle:35	236	NOP

registers:
r00:	-15	6	5534079514244874240	8	9	0	0	0
r08:	0	0	0	0	0	4611686018427387900	0	0
r16:	0	0	0	0	0	0	0	0
r24:	0	0	0	0	0	0	0	0

data:
244:	1	2	1	2	1	6	7	2
276:	6	-2147483642	-9	0	16	-28672	0	-1
308:	0	-1
====================
Cycle:36	240	BREAK

registers:
r00:	-15	6	5534079514244874240	8	9	0	0	0
r08:	0	0	0	0	0	4611686018427387900	0	0
r16:	0	0	0	0	0	0	0	0
r24:	0	0	0	0	0	0	0	0

data:
244:	1	2	1	2	1	6	7	2
276:	6	-2147483642	-9	0	16	-28672	0	-1
308:	0	-1
