00010100000000000000000000000010
10001010000001000000000000100010
10001011000001000000000000100010
10010001001000000001000001000001
10101010000000100000010001100110
10110100111111111111111110000010
10110101100000000000000010000010
11001011000001000000000001000010
11010001001111111111110001100001
11010010110000000000000010000010
11110010101000000000000001100001
11010011010000110001000001000001
11010011011000110001000001000001
11111000000000000011000001000001
11111000010000000011000001000001
11010011100001000000110001000001
00000000000000000000000000000000
10001011000000100000000000100011
10001011000001110000000000101111
11001011000000100000000000100011
10001010000000100000000000100011
10101010000000100000000000100011
11101010000000100000000000100011
11111000010001100100000001000001
11101010000001000000110001000001
11111110110111101111111111100111
11111111111111111111111111111111
00000000000000000000000000000000
00000000000000000000000000001000
11111111111111111111111111110111